-4.164199143033827655e-01
-4.179841863302862226e-01
-4.147383218744605804e-01
-4.158333122932921233e-01
-4.145427878710966629e-01
-4.119226322260324258e-01
-4.137606518576443237e-01
-4.154031374858951908e-01
-4.169283027121262197e-01
-4.167327687087627464e-01
-4.166936619080899851e-01
-4.152076034825317175e-01
-4.160679530973285800e-01
-4.112969234152710207e-01
-4.151684966818596223e-01
-4.165763415060733665e-01
-4.161852734993473080e-01
-4.138779722596659383e-01
-4.163808075027094491e-01
-4.157550986919477110e-01
-4.159115258946385341e-01
-4.129785158441946491e-01
-4.174757979215426573e-01
-4.155204578879124755e-01
-4.165763415060718122e-01
-4.173193707188521673e-01
-4.171238367154886939e-01
-4.162634871006923865e-01
-4.149729626784962599e-01
-4.162243803000197362e-01
-4.157942054926198061e-01
-4.163417007020366878e-01
-4.171238367154884719e-01
-4.172802639181786288e-01
-4.170065163134719644e-01
-4.163025939013650367e-01
-4.172411571175067557e-01
-4.167718755094365068e-01
-4.164199143033818773e-01
-4.173975843201970237e-01
-4.159506326953109623e-01
-4.151293898811880823e-01
-4.154031374858934145e-01
-4.177104387255781148e-01
-4.147774286751332307e-01
-4.165372347053996060e-01
-4.161070598980021185e-01
-4.165763415060724784e-01
-4.160288462966571510e-01
-4.176322251242328143e-01
-4.175540115228877358e-01
-4.161461666986737695e-01
-4.170847299148161547e-01
-4.168109823101073808e-01
-4.161461666986746577e-01
-4.166154483067449066e-01
-4.164199143033822104e-01
-4.156768850906027435e-01
-4.135260110536118638e-01
-4.163025939013647037e-01
-4.159897394959830574e-01
-4.155595646885851258e-01
-4.105930010031676458e-01
-4.135651178542835149e-01
-4.136042246549551660e-01
-4.147383218744581379e-01
-4.170065163134702990e-01
-4.177495455262506541e-01
-4.164590211040551937e-01
-4.156768850906035206e-01
-4.175540115228877358e-01
-4.174757979215426573e-01
-4.177886523269233043e-01
-4.168891959114537915e-01
-4.148165354758068801e-01
-4.173193707188519452e-01
-4.174366911208701181e-01
-4.173584775195249286e-01
-4.180232931309587618e-01
-4.166545551074183340e-01
-4.157550986919475999e-01
-4.145427878710976621e-01
-4.091460493782806962e-01
-4.133695838509190423e-01
-4.129394090435213327e-01
-4.169283027121259977e-01
-4.101237193950896254e-01
-4.131349430468845840e-01
-4.172411571175067557e-01
-4.159506326953106292e-01
-4.171629435161618993e-01
-4.168891959114539025e-01
-4.164981279047275109e-01
-4.150511762798393400e-01
-4.166936619080900961e-01
-4.164590211040548606e-01
-4.138388654589901794e-01
-4.170847299148167098e-01
-4.173584775195248175e-01
-4.172802639181795170e-01
-4.165372347054001612e-01
-4.172020503168344385e-01
-4.172020503168343275e-01
-4.167327687087631904e-01
-4.173975843201972458e-01
-4.133695838509189313e-01
-4.140343994623538748e-01
-4.100455057937485437e-01
-4.165763415060733665e-01
-4.178668659282682718e-01
-4.177886523269229713e-01
-4.179841863302862226e-01
-4.177104387255781148e-01
-4.152076034825318285e-01
-4.130567294455388394e-01
-4.136433314556287044e-01
-4.153249238845502234e-01
-4.175149047222150855e-01
-4.168891959114525703e-01
-4.179841863302861116e-01
-4.174757979215419912e-01
-4.093415833816420601e-01
-4.171629435161617883e-01
-4.168891959114532364e-01
-4.166545551074183340e-01
-4.170847299148165988e-01
-4.170456231141433934e-01
-4.172411571175067557e-01
-4.137215450569734498e-01
-4.127047682394859862e-01
-4.179841863302862226e-01
-4.160679530973271367e-01
-4.157550986919479330e-01
-4.143863606684066170e-01
-4.172020503168344385e-01
-4.171238367154893600e-01
-4.173584775195250396e-01
-4.154031374858949688e-01
-4.168500891107803641e-01
-4.168500891107810302e-01
-4.168109823101087130e-01
-4.154031374858948578e-01
-4.133304770502445047e-01
-4.164199143033827655e-01
-4.176322251242329253e-01
-4.156377782899296491e-01
-4.169674095127982039e-01
-4.162634871006923865e-01
-4.173584775195248175e-01
-4.170065163134711872e-01
-4.171238367154884719e-01
-4.168109823101081579e-01
-4.161461666986733254e-01
-4.162243803000178488e-01
-4.166154483067443515e-01
-4.155595646885849037e-01
-4.173584775195244845e-01
-4.152858170838785723e-01
-4.164590211040554157e-01
-4.167327687087634125e-01
-4.049616217063132240e-01
-4.170065163134712982e-01
-4.163808075027092270e-01
-4.163808075027090050e-01
-4.164199143033824324e-01
-4.140735062630274133e-01
-4.131349430468801431e-01
-4.154813510872391591e-01
-4.156377782899306483e-01
-4.139170790603351469e-01
-4.148165354758054368e-01
-4.169283027121256646e-01
-4.151293898811866390e-01
-4.154031374858948578e-01
-4.157159918912757268e-01
-4.176713319249055756e-01
-4.168109823101079359e-01
-4.163025939013639265e-01
-4.168891959114536805e-01
-4.164981279047273999e-01
-4.152858170838767959e-01
-4.159115258946390892e-01
-4.163025939013658139e-01
-4.118053118240170285e-01
-4.156377782899298712e-01
-4.171629435161624544e-01
-4.172411571175067557e-01
-4.161070598980015633e-01
-4.166936619080907622e-01
-4.165372347054006053e-01
-4.170065163134714092e-01
-4.158333122932936776e-01
-4.173193707188525003e-01
-4.170847299148155995e-01
-4.166936619080905402e-01
-4.167327687087634125e-01
-4.169283027121259977e-01
-4.170847299148161547e-01
-4.166545551074185560e-01
-4.162634871006923865e-01
-4.171629435161614552e-01
-4.160288462966567069e-01
-4.179841863302862226e-01
-4.180232931309587618e-01
-4.172411571175059786e-01
-4.174757979215419912e-01
-4.158724190939663279e-01
-4.174757979215422132e-01
-4.176713319249051315e-01
-4.149338558778221664e-01
-4.155204578879119204e-01
-4.123528070334326889e-01
-4.137997586583189724e-01
-4.162634871006913873e-01
-4.166154483067457948e-01
-4.151684966818590672e-01
-4.170847299148170428e-01
-4.172802639181798501e-01
-4.159115258946392002e-01
-4.179450795296135723e-01
-4.176322251242329253e-01
-4.163417007020373539e-01
-4.161852734993470859e-01
-4.161852734993470859e-01
-4.176713319249053535e-01
-4.172411571175069778e-01
-4.161852734993465308e-01
-4.179841863302862226e-01
-4.179841863302861116e-01
-4.169674095127993141e-01
-4.172802639181792950e-01
-4.157550986919482661e-01
-4.149338558778216113e-01
-4.159115258946400884e-01
-4.163417007020372429e-01
-4.172411571175060896e-01
-4.166545551074180009e-01
-4.170065163134710762e-01
-4.164981279047271778e-01
-4.180232931309587618e-01
-4.173584775195240404e-01
-4.173584775195248175e-01
-4.171238367154888049e-01
-4.163808075027084499e-01
-4.172411571175066447e-01
-4.165763415060733665e-01
-4.174366911208694519e-01
-4.176322251242329253e-01
-4.173975843201973568e-01
-4.117662050233434901e-01
-4.170847299148167098e-01
-4.167327687087635235e-01
-4.136042246549495038e-01
-4.166545551074180009e-01
-4.147774286751354511e-01
-4.162243803000197362e-01
-4.159897394959830574e-01
-4.174757979215424353e-01
-4.160288462966567069e-01
-4.170456231141438375e-01
-4.173193707188519452e-01
-4.168109823101082689e-01
-4.171238367154888049e-01
-4.158333122932930115e-01
-4.166545551074184450e-01
-4.166154483067455727e-01
-4.168891959114539025e-01
-4.176322251242331474e-01
-4.168500891107800310e-01
-4.155204578879119204e-01
-4.177495455262506541e-01
-4.157159918912735064e-01
-4.165372347054003832e-01
-4.170456231141443926e-01
-4.177104387255781148e-01
-4.167718755094348415e-01
-4.179450795296134613e-01
-4.173975843201972458e-01
-4.164590211040550827e-01
-4.177495455262505430e-01
-4.143081470670618716e-01
-4.157942054926203612e-01
-4.134477974522651200e-01
-4.134086906515929138e-01
-4.164590211040551937e-01
-4.150511762798413384e-01
-4.166545551074177789e-01
-4.173584775195243735e-01
-4.167718755094363958e-01
-4.180232931309587618e-01
-4.154422442865679521e-01
-4.170847299148155995e-01
-4.170847299148163767e-01
-4.173584775195248175e-01
-4.173193707188519452e-01
-4.149729626784960379e-01
-4.172020503168346606e-01
-4.175149047222147525e-01
-4.174757979215423243e-01
-4.172802639181789619e-01
-4.152858170838752416e-01
-4.146210014724410753e-01
-4.173193707188525003e-01
-4.146210014724420745e-01
-4.171629435161615662e-01
-4.159115258946388671e-01
-4.164590211040540835e-01
-4.172411571175067557e-01
-4.170847299148164877e-01
-4.164199143033814332e-01
-4.171238367154890270e-01
-4.171238367154886939e-01
-4.172411571175068667e-01
-4.177886523269231933e-01
-4.161852734993476410e-01
-4.180232931309587618e-01
-4.170847299148163767e-01
-4.173193707188526114e-01
-4.162243803000195141e-01
-4.179841863302862226e-01
-4.163808075027102262e-01
-4.159506326953095190e-01
-4.170847299148165988e-01
-4.167718755094359517e-01
-4.175931183235602751e-01
-4.174757979215424353e-01
-4.171238367154884719e-01
-4.169283027121262197e-01
-4.174366911208703401e-01
-4.150120694791699094e-01
-4.177886523269230823e-01
-4.172411571175075329e-01
-4.171238367154892490e-01
-4.131349430468822526e-01
-4.174366911208696740e-01
-4.172411571175067557e-01
-4.171629435161618993e-01
-4.168500891107809192e-01
-4.161461666986746577e-01
-4.161070598980023405e-01
-4.152076034825323836e-01
-4.177104387255781148e-01
-4.154422442865661758e-01
-4.174366911208694519e-01
-4.173975843201972458e-01
-4.172411571175071998e-01
-4.170847299148163767e-01
-4.175149047222141974e-01
-4.179450795296134613e-01
-4.173193707188525003e-01
-4.173193707188522783e-01
-4.161461666986754349e-01
-4.172802639181795170e-01
-4.165763415060723673e-01
-4.177104387255778928e-01
-4.163417007020371319e-01
-4.168500891107812523e-01
-4.164590211040557488e-01
-4.161461666986747687e-01
-4.167718755094359517e-01
-4.173584775195248175e-01
-4.167718755094365068e-01
-4.161070598980021185e-01
-4.163025939013652588e-01
-4.179450795296135723e-01
-4.179450795296135723e-01
-4.149338558778233876e-01
-4.154813510872391591e-01
-4.166936619080904292e-01
-4.177886523269235264e-01
-4.166936619080915394e-01
-4.155204578879122534e-01
-4.171238367154888049e-01
-4.164981279047266227e-01
-4.173193707188527224e-01
-4.157550986919478220e-01
-4.163025939013640375e-01
-4.129003022428489045e-01
-4.176713319249053535e-01
-4.159897394959845007e-01
-4.167718755094359517e-01
-4.169674095127983149e-01
-4.180232931309587618e-01
-4.179841863302862226e-01
-4.180232931309587618e-01
-4.174366911208703401e-01
-4.180232931309587618e-01
-4.165763415060711461e-01
-4.173193707188519452e-01
-4.168500891107808082e-01
-4.163025939013633714e-01
-4.175931183235599420e-01
-4.176713319249053535e-01
-4.150902830805147659e-01
-4.168891959114534584e-01
-4.169674095127984259e-01
-4.179841863302861116e-01
-4.168891959114539025e-01
-4.180232931309587618e-01
-4.177104387255781148e-01
-4.168109823101080469e-01
-4.164199143033827655e-01
-4.179841863302862226e-01
-4.177104387255780038e-01
-4.150120694791679110e-01
-4.137215450569717845e-01
-4.173193707188526114e-01
-4.174757979215426573e-01
-4.159897394959830574e-01
-4.147383218744590261e-01
-4.177104387255781148e-01
-4.143081470670589850e-01
-4.155204578879119204e-01
-4.170456231141435044e-01
-4.175931183235603861e-01
-4.179059727289409221e-01
-4.179841863302862226e-01
-4.158724190939657728e-01
-4.172411571175068667e-01
-4.144645742697521396e-01
-4.138779722596611643e-01
-4.173975843201973568e-01
-4.165372347053983848e-01
-4.166154483067445735e-01
-4.136042246549561652e-01
-4.167718755094366179e-01
-4.159897394959839456e-01
-4.161852734993464198e-01
-4.171238367154890270e-01
-4.168500891107811412e-01
-4.163025939013648147e-01
-4.175931183235599420e-01
-4.179841863302862226e-01
-4.172802639181796280e-01
-4.118835254253641054e-01
-4.174757979215424353e-01
-4.180232931309587618e-01
-4.167718755094348415e-01
-4.149338558778233876e-01
-4.180232931309587618e-01
-4.155204578879133637e-01
-4.168500891107818074e-01
-4.176322251242324812e-01
-4.162634871006920534e-01
-4.170065163134710762e-01
-4.172411571175060896e-01
-4.172802639181788509e-01
-4.170065163134714092e-01
-4.166154483067449066e-01
-4.180232931309587618e-01
-4.153640306852227626e-01
-4.175540115228875138e-01
-4.165372347054000501e-01
-4.170065163134706321e-01
-4.177495455262505430e-01
-4.159506326953111843e-01
-4.179059727289409221e-01
-4.172020503168335503e-01
-4.164981279047271778e-01
-4.163808075027090050e-01
-4.166154483067455727e-01
-4.170847299148167098e-01
-4.172802639181792950e-01
-4.179450795296135723e-01
-4.166545551074175568e-01
-4.174757979215426573e-01
-4.163025939013638155e-01
-4.173193707188520563e-01
-4.180232931309587618e-01
-4.175540115228874027e-01
-4.172802639181787399e-01
-4.175931183235598310e-01
-4.180232931309587618e-01
-4.144645742697488089e-01
-4.154813510872402693e-01
-4.180232931309587618e-01
-4.179450795296135723e-01
-4.177495455262507651e-01
-4.166545551074185560e-01
-4.179841863302861116e-01
-4.166936619080905402e-01
-4.164590211040549717e-01
-4.164590211040554157e-01
-4.167718755094352856e-01
-4.173584775195242624e-01
-4.172411571175069778e-01
-4.157159918912737284e-01
-4.175149047222150855e-01
-4.176322251242320371e-01
-4.167718755094359517e-01
-4.170847299148158216e-01
-4.172802639181797391e-01
-4.170847299148162657e-01
-4.153249238845512226e-01
-4.143081470670604283e-01
-4.154031374858957459e-01
-4.173193707188519452e-01
-4.175931183235603861e-01
-4.147383218744600253e-01
-4.164199143033823214e-01
-4.175149047222150855e-01
-4.179841863302861116e-01
-4.173193707188527224e-01
-4.178668659282681608e-01
-4.167327687087625243e-01
-4.180232931309587618e-01
-4.160288462966560408e-01
-4.178668659282682718e-01
-4.171238367154884719e-01
-4.164590211040519740e-01
-4.175149047222147525e-01
-4.175931183235599420e-01
-4.178277591275956215e-01
-4.166545551074166687e-01
-4.179059727289411441e-01
-4.169674095127989810e-01
-4.174757979215428794e-01
-4.178668659282684938e-01
-4.164590211040543055e-01
-4.173975843201979119e-01
-4.161461666986748797e-01
-4.175540115228877358e-01
-4.179059727289411441e-01
-4.175149047222151966e-01
-4.179841863302862226e-01
-4.168500891107804751e-01
-4.162634871006923865e-01
-4.175540115228876248e-01
-4.175931183235602751e-01
-4.169674095127984259e-01
-4.177495455262508761e-01
-4.167327687087629684e-01
-4.179841863302862226e-01
-4.132131566482272200e-01
-4.179059727289410331e-01
-4.177104387255783369e-01
-4.175931183235599420e-01
-4.163417007020354665e-01
-4.176322251242332584e-01
-4.179059727289411441e-01
-4.177886523269230823e-01
-4.173584775195242624e-01
-4.173193707188525003e-01
-4.167718755094359517e-01
-4.173975843201970237e-01
-4.174757979215425463e-01
-4.150511762798390070e-01
-4.172411571175070888e-01
-4.168891959114533474e-01
-4.150511762798421156e-01
-4.174757979215422132e-01
-4.173975843201968017e-01
-4.170065163134711872e-01
-4.177495455262506541e-01
-4.176713319249055756e-01
-4.179059727289411441e-01
-4.177104387255777818e-01
-4.174366911208698960e-01
-4.179059727289409221e-01
-4.177104387255780038e-01
-4.160288462966552636e-01
-4.180232931309587618e-01
-4.169674095127982039e-01
-4.172411571175065337e-01
-4.167327687087620802e-01
-4.177104387255780038e-01
-4.174757979215428794e-01
-4.179450795296135723e-01
-4.171238367154892490e-01
-4.166936619080909843e-01
-4.173975843201978009e-01
-4.180232931309587618e-01
-4.174366911208694519e-01
-4.173584775195241514e-01
-4.180232931309587618e-01
-4.180232931309587618e-01
-4.180232931309587618e-01
-4.175149047222149745e-01
-4.180232931309587618e-01
-4.173975843201970237e-01
-4.179841863302862226e-01
-4.170065163134702990e-01
-4.174757979215421022e-01
-4.180232931309587618e-01
-4.180232931309587618e-01
-4.177495455262507651e-01
-4.180232931309587618e-01
-4.177104387255778928e-01
-4.174757979215424353e-01
-4.172020503168338834e-01
-4.174366911208696740e-01
-4.177495455262506541e-01
-4.168109823101088240e-01
-4.170456231141438375e-01
-4.180232931309587618e-01
-4.180232931309587618e-01
-4.177886523269230823e-01
-4.175540115228876248e-01
-4.177495455262507651e-01
-4.175149047222150855e-01
-4.178277591275958436e-01
-4.175149047222144194e-01
-4.173584775195248175e-01
-4.180232931309587618e-01
-4.180232931309587618e-01
-4.180232931309587618e-01
-4.180232931309587618e-01
-4.171238367154876947e-01
-4.171238367154892490e-01
-4.179059727289409221e-01
-4.173975843201974678e-01
-4.173584775195238183e-01
-4.169674095127983149e-01
-4.176713319249050205e-01
-4.179450795296134613e-01
-4.160679530973270257e-01
-4.178277591275959546e-01
-4.179841863302862226e-01
-4.178668659282683828e-01
-4.177495455262507651e-01
-4.179450795296135723e-01
-4.174757979215422132e-01
-4.180232931309587618e-01
-4.178277591275958436e-01
-4.179841863302862226e-01
-4.180232931309587618e-01
-4.180232931309587618e-01
-4.175149047222151966e-01
-4.179841863302862226e-01
-4.179841863302862226e-01
-4.179841863302862226e-01
-4.179841863302862226e-01
-4.179059727289411441e-01
-4.179841863302862226e-01
-4.179450795296135723e-01
-4.176713319249056866e-01
-4.179841863302862226e-01
-4.179841863302862226e-01
-4.171238367154892490e-01
-4.179841863302862226e-01
-4.176713319249055756e-01
-4.173975843201968017e-01
-4.177104387255778928e-01
-4.179059727289409221e-01
-4.175149047222150855e-01
-4.178668659282684938e-01
-4.179841863302862226e-01
-4.177104387255780038e-01
-4.179841863302862226e-01
-4.177495455262502100e-01
-4.179841863302862226e-01
-4.175149047222150855e-01
-4.177495455262503210e-01
-4.179841863302862226e-01
-4.177886523269230823e-01
-4.171238367154890270e-01
-4.180232931309587618e-01
-4.180232931309587618e-01
-4.179841863302862226e-01
-4.179841863302862226e-01
-4.179841863302862226e-01
-4.166154483067450176e-01
-4.174757979215424353e-01
-4.177104387255781148e-01
-4.178668659282684938e-01
-4.171629435161622323e-01
-4.172802639181792950e-01
-4.175540115228877358e-01
-4.180232931309587618e-01
-4.178668659282682718e-01
-4.179841863302862226e-01
-4.175931183235598310e-01
-4.178668659282682718e-01
-4.179450795296135723e-01
-4.172802639181792950e-01
-4.179841863302862226e-01
-4.180232931309587618e-01
-4.180232931309587618e-01
-4.175931183235599420e-01
-4.176713319249055756e-01
-4.180232931309587618e-01
-4.173584775195250396e-01
-4.180232931309587618e-01
-4.179841863302862226e-01
-4.179841863302862226e-01
-4.162634871006916093e-01
-4.177495455262507651e-01
-4.180232931309587618e-01
-4.180232931309587618e-01
-4.179450795296135723e-01
-4.173193707188517232e-01
-4.179841863302862226e-01
-4.179450795296135723e-01
-4.180232931309587618e-01
-4.178668659282683828e-01
-4.170456231141446146e-01
-4.178668659282683828e-01
-4.179450795296135723e-01
-4.170065163134706321e-01
-4.175149047222147525e-01
-4.173975843201970237e-01
-4.180232931309587618e-01
-4.180232931309587618e-01
-4.179841863302862226e-01
-4.179841863302862226e-01
-4.179450795296135723e-01
-4.178668659282683828e-01
-4.170847299148163767e-01
-4.175540115228874027e-01
-4.180232931309587618e-01
-4.175540115228867366e-01
-4.179841863302862226e-01
-4.180232931309587618e-01
-4.179450795296134613e-01
-4.177104387255781148e-01
-4.179450795296134613e-01
-4.179450795296134613e-01
-4.178668659282683828e-01
-4.180232931309587618e-01
-4.175540115228871807e-01
-4.171238367154892490e-01
-4.179450795296135723e-01
-4.180232931309587618e-01
-4.176713319249053535e-01
-4.180232931309587618e-01
-4.179059727289411441e-01
-4.173975843201971347e-01
-4.179059727289409221e-01
-4.178668659282682718e-01
-4.180232931309587618e-01
-4.175149047222147525e-01
-4.179841863302862226e-01
-4.179841863302862226e-01
-4.175540115228877358e-01
-4.179450795296135723e-01
-4.179841863302861116e-01
-4.179450795296134613e-01
-4.179450795296134613e-01
-4.170065163134716313e-01
-4.180232931309587618e-01
-4.179841863302862226e-01
-4.179059727289411441e-01
-4.179059727289409221e-01
-4.178668659282684938e-01
-4.179841863302862226e-01
-4.178277591275959546e-01
-4.179841863302862226e-01
-4.166545551074166687e-01
-4.170065163134711872e-01
-4.180232931309587618e-01
-4.179841863302862226e-01
-4.179059727289411441e-01
-4.180232931309587618e-01
-4.175931183235596089e-01
-4.172802639181792950e-01
-4.179841863302862226e-01
-4.170847299148157106e-01
-4.179841863302862226e-01
-4.179450795296134613e-01
-4.179841863302862226e-01
-4.179059727289411441e-01
-4.180232931309587618e-01
-4.180232931309587618e-01
-4.179450795296134613e-01
-4.180232931309587618e-01
-4.176322251242320371e-01
-4.178668659282681608e-01
-4.180232931309587618e-01
-4.176322251242324812e-01
-4.180232931309587618e-01
-4.180232931309587618e-01
-4.180232931309587618e-01
-4.179841863302862226e-01
-4.179450795296135723e-01
-4.180232931309587618e-01
-4.180232931309587618e-01
-4.172802639181792950e-01
-4.173975843201970237e-01
-4.179450795296135723e-01
-4.179841863302861116e-01
-4.180232931309587618e-01
-4.180232931309587618e-01
-4.180232931309587618e-01
-4.177104387255778928e-01
-4.179841863302862226e-01
-4.180232931309587618e-01
-4.177495455262507651e-01
-4.180232931309587618e-01
-4.179450795296135723e-01
-4.179059727289409221e-01
-4.179841863302862226e-01
-4.179450795296134613e-01
-4.180232931309587618e-01
-4.179059727289411441e-01
-4.180232931309587618e-01
-4.180232931309587618e-01
-4.180232931309587618e-01
-4.178277591275959546e-01
-4.179841863302862226e-01
-4.179059727289411441e-01
-4.178668659282682718e-01
-4.180232931309587618e-01
-4.177886523269231933e-01
-4.174366911208695630e-01
-4.180232931309587618e-01
-4.180232931309587618e-01
-4.177886523269233043e-01
-4.180232931309587618e-01
-4.179841863302862226e-01
-4.163417007020375760e-01
-4.173975843201972458e-01
-4.178277591275956215e-01
-4.158724190939619980e-01
-4.170847299148173759e-01
-4.178668659282683828e-01
-4.173193707188526114e-01
-4.176322251242327033e-01
-4.179059727289409221e-01
-4.176713319249053535e-01
-4.180232931309587618e-01
-4.133304770502453929e-01
-4.179450795296134613e-01
-4.173584775195240404e-01
-4.172411571175057565e-01
-4.179841863302862226e-01
-4.179450795296134613e-01
-4.172411571175069778e-01
-4.180232931309587618e-01
-4.171629435161614552e-01
-4.179059727289409221e-01
-4.180232931309587618e-01
-4.180232931309587618e-01
-4.171238367154886939e-01
-4.177104387255775597e-01
-4.180232931309587618e-01
-4.179841863302862226e-01
-4.179450795296134613e-01
-4.179450795296134613e-01
-4.179841863302861116e-01
-4.179841863302862226e-01
-4.175931183235594979e-01
-4.177104387255777818e-01
-4.180232931309587618e-01
-4.179841863302862226e-01
-4.179841863302862226e-01
-4.169283027121251095e-01
-4.179450795296134613e-01
-4.173193707188513901e-01
-4.180232931309587618e-01
-4.179841863302861116e-01
-4.180232931309587618e-01
-4.174366911208693409e-01
-4.179450795296134613e-01
-4.180232931309587618e-01
-4.180232931309587618e-01
-4.179059727289409221e-01
-4.158333122932905690e-01
-4.180232931309587618e-01
-4.179841863302862226e-01
-4.154422442865629561e-01
-4.171238367154876947e-01
-4.180232931309587618e-01
-4.180232931309587618e-01
-4.179841863302862226e-01
-4.180232931309587618e-01
-4.176322251242328143e-01
-4.179841863302861116e-01
-4.180232931309587618e-01
-4.180232931309587618e-01
-4.178668659282683828e-01
-4.180232931309587618e-01
-4.180232931309587618e-01
-4.176713319249049094e-01
-4.180232931309587618e-01
-4.180232931309587618e-01
-4.179841863302862226e-01
-4.180232931309587618e-01
-4.179059727289408110e-01
-4.179059727289408110e-01
-4.179841863302861116e-01
-4.172020503168327732e-01
-4.180232931309587618e-01
-4.180232931309587618e-01
-4.175931183235594979e-01
-4.179841863302861116e-01
-4.178668659282681608e-01
-4.176322251242320371e-01
-4.178668659282681608e-01
-4.180232931309587618e-01
-4.179059727289408110e-01
-4.179841863302861116e-01
-4.179450795296134613e-01
-4.173584775195233743e-01
-4.180232931309587618e-01
-4.180232931309587618e-01
-4.179059727289408110e-01
-4.169283027121241103e-01
-4.180232931309587618e-01
-4.179059727289408110e-01
-4.180232931309587618e-01
-4.174757979215414361e-01
-4.179841863302861116e-01
-4.179841863302861116e-01
-4.179841863302861116e-01
-4.180232931309587618e-01
-4.176713319249047984e-01
-4.179059727289408110e-01
-4.176322251242320371e-01
-4.171238367154874727e-01
-4.178277591275953995e-01
-4.180232931309587618e-01
-4.180232931309587618e-01
-4.178668659282681608e-01
-4.174757979215414361e-01
-4.173584775195233743e-01
-4.180232931309587618e-01
-4.180232931309587618e-01
-4.170065163134694108e-01
-4.171238367154874727e-01
-4.178277591275953995e-01
-4.179841863302861116e-01
-4.176713319249047984e-01
-4.172802639181780737e-01
-4.179450795296134613e-01
-4.177886523269227492e-01
-4.174366911208686748e-01
-4.175540115228867366e-01
-4.175540115228867366e-01
-4.180232931309587618e-01
-4.175540115228867366e-01
-4.175149047222141974e-01
-4.174757979215414361e-01
-4.145818946717639841e-01
-4.173975843201961355e-01
-4.180232931309587618e-01
-4.179450795296134613e-01
-4.170847299148147114e-01
-4.178277591275953995e-01
-4.179841863302861116e-01
-4.179059727289408110e-01
-4.180232931309587618e-01
-4.179841863302861116e-01
-4.179841863302861116e-01
-4.179841863302861116e-01
-4.179841863302861116e-01
-4.179450795296134613e-01
-4.180232931309587618e-01
-4.177886523269227492e-01
-4.180232931309587618e-01
-4.171629435161600119e-01
-4.176713319249047984e-01
-4.177104387255774487e-01
-4.177495455262500990e-01
-4.175149047222141974e-01
-4.179059727289408110e-01
-4.179059727289408110e-01
-4.177495455262500990e-01
-4.176713319249047984e-01
-4.179059727289408110e-01
-4.180232931309587618e-01
-4.180232931309587618e-01
-4.180232931309587618e-01
-4.179841863302861116e-01
-4.164590211040519740e-01
-4.180232931309587618e-01
-4.180232931309587618e-01
-4.180232931309587618e-01
-4.180232931309587618e-01
-4.179841863302861116e-01
-4.179450795296134613e-01
-4.178277591275953995e-01
-4.143472538677279715e-01
-4.180232931309587618e-01
-4.180232931309587618e-01
-4.177886523269227492e-01
-4.180232931309587618e-01
-4.170456231141420611e-01
-4.179841863302861116e-01
-4.179059727289408110e-01
-4.177886523269227492e-01
-4.176322251242320371e-01
-4.170456231141420611e-01
-4.179841863302861116e-01
-4.180232931309587618e-01
-4.180232931309587618e-01
-4.180232931309587618e-01
-4.180232931309587618e-01
-4.180232931309587618e-01
-4.180232931309587618e-01
-4.179450795296134613e-01
-4.179450795296134613e-01
-4.179059727289408110e-01
-4.179450795296134613e-01
-4.180232931309587618e-01
-4.180232931309587618e-01
-4.179841863302861116e-01
-4.179841863302861116e-01
-4.180232931309587618e-01
-4.180232931309587618e-01
-4.179841863302861116e-01
-4.177886523269227492e-01
-4.176713319249047984e-01
-4.180232931309587618e-01
-4.179841863302861116e-01
-4.180232931309587618e-01
