4.100000000354452112e+01
1.000000003556027472e+00
8.400000000354577878e+01
5.600000000354537377e+01
8.900000000353425378e+01
1.560000000035156233e+02
1.090000000035314542e+02
6.700000000354167184e+01
2.800000000354693341e+01
3.300000000354721408e+01
3.400000000354884833e+01
7.200000000353801966e+01
5.000000000354543062e+01
1.720000000035161349e+02
7.300000000354948781e+01
3.700000000354587115e+01
4.700000000354250318e+01
1.060000000035383749e+02
4.200000000354615537e+01
5.800000000354469876e+01
5.400000000354211238e+01
1.290000000035286689e+02
1.400000000355164786e+01
6.400000000354857832e+01
3.700000000354390295e+01
1.800000000355030139e+01
2.300000000355058560e+01
4.500000000354317820e+01
7.800000000353796281e+01
4.600000000355661456e+01
5.700000000354110341e+01
4.300000000354384611e+01
2.300000000355058560e+01
1.900000000355193208e+01
2.600000000354957308e+01
4.400000000354548035e+01
2.000000000355159457e+01
3.200000000354558694e+01
4.100000000354452112e+01
1.600000000355294461e+01
5.300000000355228735e+01
7.400000000356489238e+01
6.700000000354954466e+01
8.000000003559573969e+00
8.300000000353431062e+01
3.800000000354946650e+01
4.900000000355166918e+01
3.700000000354783936e+01
5.100000000354312135e+01
1.000000000355693253e+01
1.200000000355429108e+01
4.800000000355200314e+01
2.400000000355221630e+01
3.100000000354788909e+01
4.800000000354413032e+01
3.600000000355014151e+01
4.100000000355239393e+01
6.000000000354008733e+01
1.150000000035333727e+02
4.400000000354548035e+01
5.200000000354278740e+01
6.300000000354498297e+01
1.900000000035317385e+02
1.140000000035376502e+02
1.130000000035320795e+02
8.400000000353594487e+01
2.600000000354760843e+01
7.000000003554006867e+00
4.000000000354683038e+01
6.000000000354205554e+01
1.200000000355429108e+01
1.400000000355755247e+01
6.000000003558279893e+00
2.900000000355053231e+01
8.200000000354646090e+01
1.800000000355226959e+01
1.500000000355131213e+01
1.700000000355063889e+01
3.556364225574493906e-09
3.500000000354851437e+01
5.800000000354273055e+01
8.900000000354016549e+01
2.270000000034936818e+02
1.190000000035320227e+02
1.300000000035224161e+02
2.800000000354890162e+01
2.020000000035080063e+02
1.250000000035221319e+02
2.000000000354962637e+01
5.300000000354244634e+01
2.200000000355289131e+01
2.900000000354856411e+01
3.900000000354716434e+01
7.600000000353077212e+01
3.400000000354688012e+01
4.000000000355470320e+01
1.070000000035400092e+02
2.400000000355221630e+01
1.700000000355260710e+01
1.900000000355390029e+01
3.800000000354553009e+01
2.100000000355126062e+01
2.100000000355126062e+01
3.300000000355508689e+01
1.600000000355294461e+01
1.190000000035379344e+02
1.020000000035318521e+02
2.040000000034994514e+02
3.700000000354783936e+01
4.000000003555016725e+00
6.000000003554343486e+00
1.000000003556027472e+00
8.000000003553669359e+00
7.200000000354391716e+01
1.270000000035411460e+02
1.120000000035383181e+02
6.900000000354098972e+01
1.300000000355198537e+01
2.900000000354659591e+01
1.000000003556027472e+00
1.400000000355164786e+01
2.220000000034933976e+02
2.200000000355092311e+01
2.900000000355053231e+01
3.500000000354457796e+01
2.400000000354827989e+01
2.500000000354794238e+01
2.000000000355356278e+01
1.100000000035271910e+02
1.360000000035400660e+02
1.000000003556027472e+00
5.000000000354149421e+01
5.800000000354469876e+01
9.300000000354079077e+01
2.100000000355322882e+01
2.300000000355058560e+01
1.700000000355654350e+01
6.700000000354363294e+01
3.000000000354625840e+01
3.000000000355806762e+01
3.100000000355379370e+01
6.700000000354167184e+01
1.200000000035218477e+02
4.100000000354648932e+01
1.000000000355496432e+01
6.100000000353975338e+01
2.700000000355120733e+01
4.500000000354711460e+01
1.700000000355260710e+01
2.600000000354957308e+01
2.300000000355255381e+01
3.100000000354788909e+01
4.800000000354216212e+01
4.600000000354283713e+01
3.600000000354817331e+01
6.300000000354301477e+01
1.700000000355063889e+01
7.000000000354853569e+01
4.000000000354879859e+01
3.300000000355705509e+01
3.340000000034675054e+02
2.600000000354957308e+01
4.200000000354418717e+01
4.200000000354221896e+01
4.100000000354845753e+01
1.010000000035400518e+02
1.250000000035162344e+02
6.500000000354037866e+01
6.100000000353975338e+01
1.050000000035328043e+02
8.200000000354252450e+01
2.800000000354693341e+01
7.400000000353537644e+01
6.700000000353969654e+01
5.900000000354633301e+01
9.000000003555300054e+00
3.100000000354788909e+01
4.400000000354548035e+01
2.900000000355053231e+01
3.900000000354716434e+01
7.000000000355247209e+01
5.400000000354801699e+01
4.400000000354154395e+01
1.590000000035205119e+02
6.100000000353975338e+01
2.200000000355092311e+01
2.000000000354962637e+01
4.900000000354379637e+01
3.400000000354884833e+01
3.800000000354356189e+01
2.600000000355154128e+01
5.600000000355521479e+01
1.800000000355423779e+01
2.400000000355024810e+01
3.400000000355081653e+01
3.300000000355115048e+01
2.800000000356071084e+01
2.400000000355024810e+01
3.500000000354457796e+01
4.500000000354711460e+01
2.200000000354895491e+01
5.100000000354312135e+01
1.000000003556027472e+00
3.556364225574493906e-09
2.000000000354962637e+01
1.400000000355164786e+01
5.500000000353784202e+01
1.400000000355164786e+01
9.000000003553333627e+00
7.900000000354746987e+01
6.400000000354070551e+01
1.450000000035311416e+02
1.080000000035298342e+02
4.500000000355105101e+01
3.600000000354620511e+01
7.300000000353374219e+01
2.400000000355221630e+01
1.900000000355390029e+01
5.400000000354014418e+01
2.000000003555690409e+00
1.000000000355299612e+01
4.300000000354187790e+01
4.700000000354250318e+01
4.700000000354447138e+01
9.000000003553333627e+00
2.000000000354962637e+01
4.700000000354447138e+01
1.000000003556027472e+00
1.000000003556027472e+00
2.700000000354727092e+01
1.900000000355390029e+01
5.800000000353879415e+01
7.900000000353959706e+01
5.400000000355392160e+01
4.300000000354384611e+01
2.000000000354962637e+01
3.500000000354851437e+01
2.600000000354760843e+01
3.900000000354913254e+01
3.556364225574493906e-09
1.700000000355063889e+01
1.700000000355063889e+01
2.300000000354861740e+01
4.200000000354221896e+01
2.000000000355159457e+01
3.700000000354783936e+01
1.500000000355131213e+01
1.000000000355299612e+01
1.600000000355097640e+01
1.600000000035162486e+02
2.400000000355024810e+01
3.300000000354918228e+01
1.130000000035320795e+02
3.500000000354457796e+01
8.300000000353431062e+01
4.600000000354283713e+01
5.200000000354081919e+01
1.400000000355164786e+01
5.100000000354312135e+01
2.500000000354991059e+01
1.800000000355423779e+01
3.100000000354592089e+01
2.300000000355058560e+01
5.600000000355324659e+01
3.500000000355048257e+01
3.600000000354620511e+01
2.900000000354659591e+01
1.000000000355496432e+01
3.000000000355019480e+01
6.400000000354661722e+01
7.000000003554006867e+00
5.900000000354042839e+01
3.800000000354553009e+01
2.500000000354794238e+01
8.000000003553669359e+00
3.200000000355149155e+01
2.000000003555690409e+00
1.600000000355097640e+01
4.000000000354486218e+01
7.000000003554006867e+00
9.500000000353617224e+01
5.700000000354307161e+01
1.170000000035307295e+02
1.180000000035244909e+02
4.000000000354879859e+01
7.600000000353666962e+01
3.500000000355048257e+01
1.700000000355063889e+01
3.200000000354952334e+01
3.556364225574493906e-09
6.600000000353807650e+01
2.400000000354827989e+01
2.400000000354827989e+01
1.700000000355063889e+01
1.800000000355030139e+01
7.800000000355764485e+01
2.100000000355126062e+01
1.300000000355198537e+01
1.400000000355164786e+01
1.900000000354996388e+01
7.000000000353475116e+01
8.700000000353099949e+01
1.800000000355030139e+01
8.700000000354280871e+01
2.200000000354895491e+01
5.400000000354211238e+01
4.000000000354486218e+01
2.000000000354962637e+01
2.400000000354827989e+01
4.100000000354452112e+01
2.300000000354861740e+01
2.300000000354861740e+01
2.000000000354962637e+01
6.000000003554343486e+00
4.700000000354250318e+01
3.556364225574493906e-09
2.400000000354827989e+01
1.800000000355030139e+01
4.600000000354283713e+01
1.000000003556027472e+00
4.200000000354812357e+01
5.300000000354441454e+01
2.400000000355024810e+01
3.200000000354755514e+01
1.100000000355462682e+01
1.400000000355164786e+01
2.300000000354861740e+01
2.800000000354890162e+01
1.500000000355131213e+01
7.700000000354026497e+01
6.000000003554343486e+00
2.000000000354962637e+01
2.300000000354861740e+01
1.250000000035162344e+02
1.500000000355328034e+01
2.000000000355356278e+01
2.200000000355485952e+01
3.000000000354625840e+01
4.800000000354413032e+01
4.900000000353985996e+01
7.200000000353801966e+01
8.000000003557605766e+00
6.600000000353414009e+01
1.500000000355131213e+01
1.600000000355294461e+01
2.000000000355159457e+01
2.400000000355221630e+01
1.300000000355198537e+01
2.000000003555690409e+00
1.800000000355226959e+01
1.800000000355030139e+01
4.800000000354413032e+01
1.900000000354996388e+01
3.700000000354783936e+01
8.000000003553669359e+00
4.300000000354187790e+01
3.000000000354625840e+01
4.000000000354879859e+01
4.800000000354019392e+01
3.200000000355149155e+01
1.700000000355063889e+01
3.200000000354952334e+01
4.900000000354773277e+01
4.400000000355925778e+01
2.000000003555690409e+00
2.000000003555690409e+00
7.900000000353566065e+01
6.500000000354037866e+01
3.400000000354491192e+01
6.000000003554343486e+00
3.400000000354884833e+01
6.400000000354268082e+01
2.300000000355452201e+01
3.900000000354322793e+01
1.800000000355226959e+01
5.800000000354666696e+01
4.400000000354548035e+01
1.310000000035319090e+02
9.000000003553333627e+00
5.200000000354278740e+01
3.200000000354755514e+01
2.700000000354923912e+01
3.556364225574493906e-09
1.000000003556027472e+00
3.556364225574493906e-09
1.500000000355524854e+01
3.556364225574493906e-09
3.700000000354390295e+01
1.800000000355030139e+01
3.000000000354625840e+01
4.400000000354351215e+01
1.100000000355265861e+01
9.000000003553333627e+00
7.500000000355275631e+01
2.900000000355250052e+01
2.700000000354923912e+01
1.000000003556027472e+00
2.900000000354856411e+01
3.556364225574493906e-09
8.000000003553669359e+00
3.100000000354592089e+01
4.100000000354452112e+01
1.000000003556027472e+00
8.000000003553669359e+00
7.700000000353632856e+01
1.100000000035212793e+02
1.800000000355030139e+01
1.400000000355164786e+01
5.200000000354278740e+01
8.400000000353003315e+01
8.000000003553669359e+00
9.500000000352633833e+01
6.400000000353874441e+01
2.500000000355384699e+01
1.100000000355659502e+01
3.000000003555353789e+00
1.000000003556027472e+00
5.500000000354767593e+01
2.000000000355356278e+01
9.100000000352964946e+01
1.060000000035265657e+02
1.600000000355097640e+01
3.800000000354356189e+01
3.600000000354620511e+01
1.130000000035242067e+02
3.200000000354755514e+01
5.200000000353885099e+01
4.700000000354643959e+01
2.300000000355058560e+01
3.000000000355019480e+01
4.400000000354548035e+01
1.100000000355265861e+01
1.000000003556027472e+00
1.900000000355783669e+01
1.570000000035192329e+02
1.400000000355164786e+01
3.556364225574493906e-09
3.200000000354755514e+01
7.900000000354353347e+01
3.556364225574493906e-09
6.400000000354070551e+01
3.000000000355019480e+01
1.000000000355299612e+01
4.500000000354120999e+01
2.600000000354957308e+01
2.000000000354962637e+01
1.900000000355193208e+01
2.600000000355154128e+01
3.600000000355210972e+01
3.556364225574493906e-09
6.800000000354330609e+01
1.200000000355429108e+01
3.800000000354946650e+01
2.600000000354760843e+01
7.000000003554006867e+00
5.300000000354244634e+01
3.000000003555353789e+00
2.100000000354929242e+01
3.900000000354519614e+01
4.200000000354221896e+01
3.600000000354817331e+01
2.400000000355024810e+01
1.900000000355193208e+01
2.000000003555690409e+00
3.500000000354654617e+01
1.400000000355164786e+01
4.400000000354548035e+01
1.800000000355226959e+01
3.556364225574493906e-09
1.200000000355232288e+01
1.900000000354996388e+01
1.100000000355265861e+01
3.556364225574493906e-09
9.100000000352767415e+01
6.500000000354431506e+01
3.556364225574493906e-09
2.000000003555690409e+00
7.000000003554006867e+00
3.500000000354654617e+01
1.000000003556027472e+00
3.400000000354688012e+01
4.000000000354289398e+01
4.000000000354486218e+01
3.200000000354755514e+01
1.700000000355260710e+01
2.000000000354962637e+01
5.900000000354042839e+01
1.300000000355198537e+01
1.000000000355299612e+01
3.200000000354952334e+01
2.400000000355024810e+01
1.900000000354996388e+01
2.400000000355024810e+01
6.900000000353509222e+01
9.500000000352829943e+01
6.700000000355150576e+01
1.800000000355423779e+01
1.100000000355265861e+01
8.400000000353003315e+01
4.100000000354845753e+01
1.300000000355198537e+01
1.000000003556027472e+00
1.800000000355030139e+01
4.000000003555016725e+00
3.300000000354524587e+01
3.556364225574493906e-09
5.100000000354312135e+01
4.000000003555016725e+00
2.300000000355255381e+01
4.000000000354289398e+01
1.300000000355198537e+01
1.100000000355265861e+01
5.000000003554680106e+00
3.500000000354654617e+01
3.000000003555353789e+00
2.700000000354727092e+01
1.400000000355164786e+01
4.000000003555016725e+00
4.000000000354289398e+01
1.600000000355097640e+01
4.800000000354413032e+01
1.200000000355429108e+01
3.000000003555353789e+00
1.300000000355198537e+01
1.000000003556027472e+00
3.000000000355216301e+01
4.500000000354317820e+01
1.200000000355625929e+01
1.100000000355462682e+01
2.700000000354727092e+01
7.000000003554006867e+00
3.300000000354524587e+01
1.000000003556027472e+00
1.230000000035149412e+02
3.000000003555353789e+00
8.000000003553669359e+00
1.100000000355265861e+01
4.300000000354384611e+01
1.000000000355299612e+01
3.000000003555353789e+00
6.000000003554343486e+00
1.700000000355063889e+01
1.800000000355423779e+01
3.200000000354558694e+01
1.600000000355097640e+01
1.400000000355164786e+01
7.600000000353273322e+01
2.000000000355159457e+01
2.900000000354659591e+01
7.600000000353077212e+01
1.400000000355164786e+01
1.600000000355097640e+01
2.600000000354957308e+01
7.000000003554006867e+00
9.000000003557268258e+00
3.000000003555353789e+00
8.000000003555637562e+00
1.500000000355131213e+01
3.000000003555353789e+00
8.000000003553669359e+00
5.100000000354115315e+01
3.556364225574493906e-09
2.700000000354923912e+01
2.000000000354962637e+01
3.300000000354524587e+01
8.000000003553669359e+00
1.400000000355361607e+01
2.000000003555690409e+00
2.300000000354861740e+01
3.400000000355081653e+01
1.600000000355097640e+01
3.556364225574493906e-09
1.500000000355131213e+01
1.700000000355063889e+01
3.556364225574493906e-09
3.556364225574493906e-09
3.556364225574493906e-09
1.300000000355395358e+01
3.556364225574493906e-09
1.600000000355294461e+01
1.000000003556027472e+00
2.600000000355154128e+01
1.400000000355164786e+01
3.556364225574493906e-09
3.556364225574493906e-09
7.000000003554006867e+00
3.556364225574493906e-09
8.000000003553669359e+00
1.400000000355164786e+01
2.100000000354929242e+01
1.500000000355131213e+01
7.000000003554006867e+00
3.100000000354592089e+01
2.500000000354794238e+01
3.556364225574493906e-09
3.556364225574493906e-09
6.000000003554343486e+00
1.200000000355232288e+01
7.000000003554006867e+00
1.300000000355198537e+01
5.000000003554680106e+00
1.300000000355198537e+01
1.700000000355063889e+01
3.556364225574493906e-09
3.556364225574493906e-09
3.556364225574493906e-09
3.556364225574493906e-09
2.300000000354861740e+01
2.300000000354861740e+01
3.000000003555353789e+00
1.600000000355097640e+01
1.700000000355063889e+01
2.700000000354923912e+01
9.000000003555300054e+00
2.000000003555690409e+00
5.000000000353952601e+01
5.000000003554680106e+00
1.000000003556027472e+00
4.000000003555016725e+00
7.000000003554006867e+00
2.000000003555690409e+00
1.400000000355164786e+01
3.556364225574493906e-09
5.000000003554680106e+00
1.000000003556027472e+00
3.556364225574493906e-09
3.556364225574493906e-09
1.300000000355198537e+01
1.000000003556027472e+00
1.000000003556027472e+00
1.000000003556027472e+00
1.000000003556027472e+00
3.000000003555353789e+00
1.000000003556027472e+00
2.000000003555690409e+00
9.000000003553333627e+00
1.000000003556027472e+00
1.000000003556027472e+00
2.300000000356436303e+01
1.000000003556027472e+00
9.000000003553333627e+00
1.600000000355097640e+01
8.000000003553669359e+00
3.000000003555353789e+00
1.300000000355198537e+01
4.000000003555016725e+00
1.000000003556027472e+00
8.000000003553669359e+00
1.000000003556027472e+00
7.000000003554006867e+00
1.000000003556027472e+00
1.300000000355198537e+01
7.000000003554006867e+00
1.000000003556027472e+00
6.000000003554343486e+00
2.300000000354861740e+01
3.556364225574493906e-09
3.556364225574493906e-09
1.000000003556027472e+00
1.000000003556027472e+00
1.000000003556027472e+00
3.600000000354423690e+01
1.400000000355164786e+01
8.000000003553669359e+00
4.000000003555016725e+00
2.200000000355092311e+01
1.900000000354996388e+01
1.200000000355232288e+01
3.556364225574493906e-09
4.000000003555016725e+00
1.000000003556027472e+00
1.100000000355265861e+01
4.000000003555016725e+00
2.000000003555690409e+00
1.900000000354996388e+01
1.000000003556027472e+00
3.556364225574493906e-09
3.556364225574493906e-09
1.100000000355265861e+01
9.000000003553333627e+00
3.556364225574493906e-09
1.700000000355063889e+01
3.556364225574493906e-09
1.000000003556027472e+00
1.000000003556027472e+00
4.500000000354120999e+01
7.000000003554006867e+00
3.556364225574493906e-09
3.556364225574493906e-09
2.000000003555690409e+00
1.800000000355030139e+01
1.000000003556027472e+00
2.000000003555690409e+00
3.556364225574493906e-09
4.000000003555016725e+00
2.500000000354794238e+01
4.000000003555016725e+00
2.000000003555690409e+00
2.600000000354760843e+01
1.300000000355198537e+01
1.600000000355097640e+01
3.556364225574493906e-09
3.556364225574493906e-09
1.000000003556027472e+00
1.000000003556027472e+00
2.000000003555690409e+00
4.000000003555016725e+00
2.400000000354827989e+01
1.200000000355232288e+01
3.556364225574493906e-09
1.200000000355232288e+01
1.000000003556027472e+00
3.556364225574493906e-09
2.000000003555690409e+00
8.000000003553669359e+00
2.000000003555690409e+00
2.000000003555690409e+00
4.000000003555016725e+00
3.556364225574493906e-09
1.200000000355232288e+01
2.300000000354861740e+01
2.000000003555690409e+00
3.556364225574493906e-09
9.000000003553333627e+00
3.556364225574493906e-09
3.000000003555353789e+00
1.600000000355097640e+01
3.000000003555353789e+00
4.000000003555016725e+00
3.556364225574493906e-09
1.300000000355198537e+01
1.000000003556027472e+00
1.000000003556027472e+00
1.200000000355232288e+01
2.000000003555690409e+00
1.000000003556027472e+00
2.000000003555690409e+00
2.000000003555690409e+00
2.600000000354760843e+01
3.556364225574493906e-09
1.000000003556027472e+00
3.000000003555353789e+00
3.000000003555353789e+00
4.000000003555016725e+00
1.000000003556027472e+00
5.000000003554680106e+00
1.000000003556027472e+00
3.500000000354457796e+01
2.600000000354760843e+01
3.556364225574493906e-09
1.000000003556027472e+00
3.000000003555353789e+00
3.556364225574493906e-09
1.100000000355265861e+01
1.900000000354996388e+01
1.000000003556027472e+00
2.400000000354827989e+01
1.000000003556027472e+00
2.000000003555690409e+00
1.000000003556027472e+00
3.000000003555353789e+00
3.556364225574493906e-09
3.556364225574493906e-09
2.000000003555690409e+00
3.556364225574493906e-09
1.000000000355299612e+01
4.000000003555016725e+00
3.556364225574493906e-09
1.000000000355299612e+01
3.556364225574493906e-09
3.556364225574493906e-09
3.556364225574493906e-09
1.000000003556027472e+00
2.000000003555690409e+00
3.556364225574493906e-09
3.556364225574493906e-09
1.900000000354996388e+01
1.600000000355097640e+01
2.000000003555690409e+00
1.000000003556027472e+00
3.556364225574493906e-09
3.556364225574493906e-09
3.556364225574493906e-09
8.000000003553669359e+00
1.000000003556027472e+00
3.556364225574493906e-09
7.000000003554006867e+00
3.556364225574493906e-09
2.000000003555690409e+00
3.000000003555353789e+00
1.000000003556027472e+00
2.000000003555690409e+00
3.556364225574493906e-09
3.000000003555353789e+00
3.556364225574493906e-09
3.556364225574493906e-09
3.556364225574493906e-09
5.000000003554680106e+00
1.000000003556027472e+00
3.000000003555353789e+00
4.000000003555016725e+00
3.556364225574493906e-09
6.000000003554343486e+00
1.500000000355131213e+01
3.556364225574493906e-09
3.556364225574493906e-09
6.000000003554343486e+00
3.556364225574493906e-09
1.000000003556027472e+00
4.300000000354187790e+01
1.600000000355097640e+01
5.000000003554680106e+00
5.500000000353784202e+01
2.400000000354827989e+01
4.000000003555016725e+00
1.800000000355030139e+01
1.000000000355299612e+01
3.000000003555353789e+00
9.000000003553333627e+00
3.556364225574493906e-09
1.200000000035159502e+02
2.000000003555690409e+00
1.700000000355063889e+01
2.000000000354962637e+01
1.000000003556027472e+00
2.000000003555690409e+00
2.000000000354962637e+01
3.556364225574493906e-09
2.200000000354895491e+01
3.000000003555353789e+00
3.556364225574493906e-09
3.556364225574493906e-09
2.300000000354861740e+01
8.000000003553669359e+00
3.556364225574493906e-09
1.000000003556027472e+00
2.000000003555690409e+00
2.000000003555690409e+00
1.000000003556027472e+00
1.000000003556027472e+00
1.100000000355265861e+01
8.000000003553669359e+00
3.556364225574493906e-09
1.000000003556027472e+00
1.000000003556027472e+00
2.800000000354693341e+01
2.000000003555690409e+00
1.800000000355030139e+01
3.556364225574493906e-09
1.000000003556027472e+00
3.556364225574493906e-09
1.500000000355131213e+01
2.000000003555690409e+00
3.556364225574493906e-09
3.556364225574493906e-09
3.000000003555353789e+00
5.600000000353750096e+01
3.556364225574493906e-09
1.000000003556027472e+00
6.600000000353414009e+01
2.300000000354861740e+01
3.556364225574493906e-09
3.556364225574493906e-09
1.000000003556027472e+00
3.556364225574493906e-09
1.000000000355299612e+01
1.000000003556027472e+00
3.556364225574493906e-09
3.556364225574493906e-09
4.000000003555016725e+00
3.556364225574493906e-09
3.556364225574493906e-09
9.000000003553333627e+00
3.556364225574493906e-09
3.556364225574493906e-09
1.000000003556027472e+00
3.556364225574493906e-09
3.000000003555353789e+00
3.000000003555353789e+00
1.000000003556027472e+00
2.100000000354929242e+01
3.556364225574493906e-09
3.556364225574493906e-09
1.100000000355265861e+01
1.000000003556027472e+00
4.000000003555016725e+00
1.000000000355299612e+01
4.000000003555016725e+00
3.556364225574493906e-09
3.000000003555353789e+00
1.000000003556027472e+00
2.000000003555690409e+00
1.700000000355063889e+01
3.556364225574493906e-09
3.556364225574493906e-09
3.000000003555353789e+00
2.800000000354693341e+01
3.556364225574493906e-09
3.000000003555353789e+00
3.556364225574493906e-09
1.400000000355164786e+01
1.000000003556027472e+00
1.000000003556027472e+00
1.000000003556027472e+00
3.556364225574493906e-09
9.000000003553333627e+00
3.000000003555353789e+00
1.000000000355299612e+01
2.300000000354861740e+01
5.000000003554680106e+00
3.556364225574493906e-09
3.556364225574493906e-09
4.000000003555016725e+00
1.400000000355164786e+01
1.700000000355063889e+01
3.556364225574493906e-09
3.556364225574493906e-09
2.600000000354760843e+01
2.300000000354861740e+01
5.000000003554680106e+00
1.000000003556027472e+00
9.000000003553333627e+00
1.900000000354996388e+01
2.000000003555690409e+00
6.000000003554343486e+00
1.500000000355131213e+01
1.200000000355232288e+01
1.200000000355232288e+01
3.556364225574493906e-09
1.200000000355232288e+01
1.300000000355198537e+01
1.400000000355164786e+01
8.800000000352672203e+01
1.600000000355097640e+01
3.556364225574493906e-09
2.000000003555690409e+00
2.400000000354827989e+01
5.000000003554680106e+00
1.000000003556027472e+00
3.000000003555353789e+00
3.556364225574493906e-09
1.000000003556027472e+00
1.000000003556027472e+00
1.000000003556027472e+00
1.000000003556027472e+00
2.000000003555690409e+00
3.556364225574493906e-09
6.000000003554343486e+00
3.556364225574493906e-09
2.200000000354895491e+01
9.000000003553333627e+00
8.000000003553669359e+00
7.000000003554006867e+00
1.300000000355198537e+01
3.000000003555353789e+00
3.000000003555353789e+00
7.000000003554006867e+00
9.000000003553333627e+00
3.000000003555353789e+00
3.556364225574493906e-09
3.556364225574493906e-09
3.556364225574493906e-09
1.000000003556027472e+00
4.000000000354289398e+01
3.556364225574493906e-09
3.556364225574493906e-09
3.556364225574493906e-09
3.556364225574493906e-09
1.000000003556027472e+00
2.000000003555690409e+00
5.000000003554680106e+00
9.400000000352470408e+01
3.556364225574493906e-09
3.556364225574493906e-09
6.000000003554343486e+00
3.556364225574493906e-09
2.500000000354794238e+01
1.000000003556027472e+00
3.000000003555353789e+00
6.000000003554343486e+00
1.000000000355299612e+01
2.500000000354794238e+01
1.000000003556027472e+00
3.556364225574493906e-09
3.556364225574493906e-09
3.556364225574493906e-09
3.556364225574493906e-09
3.556364225574493906e-09
3.556364225574493906e-09
2.000000003555690409e+00
2.000000003555690409e+00
3.000000003555353789e+00
2.000000003555690409e+00
3.556364225574493906e-09
3.556364225574493906e-09
1.000000003556027472e+00
1.000000003556027472e+00
3.556364225574493906e-09
3.556364225574493906e-09
1.000000003556027472e+00
6.000000003554343486e+00
9.000000003553333627e+00
3.556364225574493906e-09
1.000000003556027472e+00
3.556364225574493906e-09
