4.100000000709891879e+01
1.000000007112391565e+00
8.400000000710018355e+01
5.600000000710173964e+01
8.900000000709061965e+01
1.560000000070720034e+02
1.090000000070878201e+02
6.700000000709803771e+01
2.800000000710329573e+01
3.300000000710161174e+01
3.400000000710127779e+01
7.200000000709241021e+01
5.000000000709982118e+01
1.720000000070705255e+02
7.300000000710781478e+01
3.700000000710026882e+01
4.700000000709690084e+01
1.060000000070927655e+02
4.200000000709858483e+01
5.800000000709712822e+01
5.400000000709847825e+01
1.290000000070850206e+02
1.400000000710801373e+01
6.400000000710691950e+01
3.700000000710026882e+01
1.800000000710666725e+01
2.300000000710497972e+01
4.500000000709756875e+01
7.800000000709432868e+01
4.600000000711298043e+01
5.700000000709746217e+01
4.300000000709824377e+01
2.300000000710497972e+01
1.900000000710632975e+01
2.600000000710397074e+01
4.400000000710184622e+01
2.000000000710599224e+01
3.200000000710195280e+01
4.100000000709891879e+01
1.600000000710733872e+01
5.300000000710668502e+01
7.400000000711929715e+01
6.700000000710197412e+01
8.000000007113969858e+00
8.300000000708870118e+01
3.800000000710386416e+01
4.900000000710803505e+01
3.700000000710420522e+01
5.100000000709948722e+01
1.000000000711329662e+01
1.200000000710868697e+01
4.800000000710836900e+01
2.400000000710858217e+01
3.100000000710228676e+01
4.800000000710049619e+01
3.600000000710453918e+01
4.100000000710679160e+01
6.000000000709645320e+01
1.150000000070897386e+02
4.400000000710184622e+01
5.200000000709914616e+01
6.300000000709938064e+01
1.900000000070880901e+02
1.140000000070940160e+02
1.130000000070864701e+02
8.400000000709231074e+01
2.600000000710397074e+01
7.000000007110370959e+00
4.000000000710318915e+01
6.000000000709645320e+01
1.200000000710868697e+01
1.400000000711194836e+01
6.000000007114643985e+00
2.900000000710689818e+01
8.200000000710085146e+01
1.800000000710666725e+01
1.500000000710767623e+01
1.700000000710700121e+01
7.112728451148987812e-09
3.500000000710487313e+01
5.800000000709712822e+01
8.900000000709455605e+01
2.270000000070480723e+02
1.190000000070883885e+02
1.300000000070768067e+02
2.800000000710329573e+01
2.020000000070643580e+02
1.250000000070784978e+02
2.000000000710599224e+01
5.300000000709881220e+01
2.200000000710925363e+01
2.900000000710296177e+01
3.900000000710353021e+01
7.600000000708712378e+01
3.400000000710127779e+01
4.000000000711106196e+01
1.070000000070963750e+02
2.400000000710858217e+01
1.700000000710700121e+01
1.900000000711026615e+01
3.800000000709992776e+01
2.100000000710565473e+01
2.100000000710565473e+01
3.300000000710948456e+01
1.600000000710733872e+01
1.190000000070923249e+02
1.020000000070862427e+02
2.040000000070558315e+02
3.700000000710420522e+01
4.000000007111380818e+00
6.000000007110707578e+00
1.000000007112391565e+00
8.000000007110033451e+00
7.200000000710028303e+01
1.270000000070975119e+02
1.120000000070946840e+02
6.900000000709735559e+01
1.300000000710834946e+01
2.900000000710296177e+01
1.000000007112391565e+00
1.400000000710801373e+01
2.220000000070497492e+02
2.200000000710531722e+01
2.900000000710689818e+01
3.500000000710093673e+01
2.400000000710464576e+01
2.500000000710430825e+01
2.000000000710992865e+01
1.100000000070835569e+02
1.360000000070944850e+02
1.000000007112391565e+00
5.000000000709588477e+01
5.800000000710106463e+01
9.300000000709714243e+01
2.100000000710959114e+01
2.300000000710497972e+01
1.700000000711093762e+01
6.700000000709803771e+01
3.000000000710262427e+01
3.000000000711443349e+01
3.100000000711015957e+01
6.700000000709803771e+01
1.200000000070801747e+02
4.100000000710285519e+01
1.000000000710936021e+01
6.100000000709611925e+01
2.700000000710756964e+01
4.500000000710150516e+01
1.700000000710700121e+01
2.600000000710397074e+01
2.300000000710891612e+01
3.100000000710228676e+01
4.800000000709655978e+01
4.600000000709723480e+01
3.600000000710453918e+01
6.300000000709544423e+01
1.700000000710700121e+01
7.000000000710490156e+01
4.000000000710318915e+01
3.300000000711342096e+01
3.340000000070277792e+02
2.600000000710397074e+01
4.200000000709858483e+01
4.200000000709858483e+01
4.100000000710285519e+01
1.010000000070944566e+02
1.250000000070706250e+02
6.500000000709476922e+01
6.100000000709611925e+01
1.050000000070891701e+02
8.200000000709691506e+01
2.800000000710329573e+01
7.400000000709174230e+01
6.700000000709410131e+01
5.900000000710073067e+01
9.000000007109697719e+00
3.100000000710228676e+01
4.400000000710184622e+01
2.900000000710689818e+01
3.900000000710353021e+01
7.000000000710883796e+01
5.400000000710241466e+01
4.400000000709790982e+01
1.590000000070749309e+02
6.100000000709611925e+01
2.200000000710531722e+01
2.000000000710599224e+01
4.900000000710016224e+01
3.400000000710521419e+01
3.800000000709992776e+01
2.600000000710790715e+01
5.600000000710961245e+01
1.800000000711060011e+01
2.400000000710464576e+01
3.400000000710521419e+01
3.300000000710554815e+01
2.800000000711510495e+01
2.400000000710464576e+01
3.500000000710093673e+01
4.500000000710150516e+01
2.200000000710531722e+01
5.100000000709948722e+01
1.000000007112391565e+00
7.112728451148987812e-09
2.000000000710599224e+01
1.400000000710801373e+01
5.500000000709420078e+01
1.400000000710801373e+01
9.000000007109697719e+00
7.900000000710186043e+01
6.400000000709511028e+01
1.450000000070874933e+02
1.080000000070842248e+02
4.500000000710544157e+01
3.600000000710060277e+01
7.300000000708814696e+01
2.400000000710858217e+01
1.900000000711026615e+01
5.400000000709454184e+01
2.000000007112054945e+00
1.000000000710936021e+01
4.300000000709824377e+01
4.700000000709690084e+01
4.700000000709690084e+01
9.000000007109697719e+00
2.000000000710599224e+01
4.700000000710083725e+01
1.000000007112391565e+00
1.000000007112391565e+00
2.700000000710363324e+01
1.900000000710632975e+01
5.800000000709319181e+01
7.900000000709398762e+01
5.400000000711028747e+01
4.300000000709824377e+01
2.000000000710599224e+01
3.500000000710487313e+01
2.600000000710397074e+01
3.900000000710353021e+01
7.112728451148987812e-09
1.700000000710700121e+01
1.700000000710700121e+01
2.300000000710497972e+01
4.200000000709858483e+01
2.000000000710599224e+01
3.700000000710420522e+01
1.500000000710767623e+01
1.000000000710936021e+01
1.600000000710733872e+01
1.600000000070706392e+02
2.400000000710464576e+01
3.300000000710554815e+01
1.130000000070864701e+02
3.500000000710093673e+01
8.300000000708870118e+01
4.600000000709723480e+01
5.200000000709521686e+01
1.400000000710801373e+01
5.100000000709948722e+01
2.500000000710430825e+01
1.800000000711060011e+01
3.100000000710228676e+01
2.300000000710497972e+01
5.600000000710961245e+01
3.500000000710487313e+01
3.600000000710060277e+01
2.900000000710296177e+01
1.000000000710936021e+01
3.000000000710656067e+01
6.400000000710298309e+01
7.000000007110370959e+00
5.900000000709679426e+01
3.800000000709992776e+01
2.500000000710430825e+01
8.000000007110033451e+00
3.200000000710588921e+01
2.000000007112054945e+00
1.600000000710733872e+01
4.000000000709925274e+01
7.000000007110370959e+00
9.500000000709253811e+01
5.700000000709746217e+01
1.170000000070851343e+02
1.180000000070847932e+02
4.000000000710712555e+01
7.600000000709106018e+01
3.500000000710880954e+01
1.700000000710700121e+01
3.200000000710588921e+01
7.112728451148987812e-09
6.600000000709442816e+01
2.400000000710464576e+01
2.400000000710464576e+01
1.700000000710700121e+01
1.800000000710666725e+01
7.800000000711007431e+01
2.100000000710565473e+01
1.300000000710834946e+01
1.400000000710801373e+01
1.900000000710632975e+01
7.000000000708915593e+01
8.700000000708736536e+01
1.800000000710666725e+01
8.700000000709917458e+01
2.200000000710531722e+01
5.400000000709847825e+01
4.000000000709925274e+01
2.000000000710599224e+01
2.400000000710464576e+01
4.100000000709891879e+01
2.300000000710497972e+01
2.300000000710497972e+01
2.000000000710599224e+01
6.000000007110707578e+00
4.700000000709690084e+01
7.112728451148987812e-09
2.400000000710464576e+01
1.800000000710666725e+01
4.600000000709723480e+01
1.000000007112391565e+00
4.200000000710252124e+01
5.300000000709881220e+01
2.400000000710464576e+01
3.200000000710195280e+01
1.100000000710902270e+01
1.400000000710801373e+01
2.300000000710497972e+01
2.800000000710329573e+01
1.500000000710767623e+01
7.700000000709466974e+01
6.000000007110707578e+00
2.000000000710599224e+01
2.300000000710497972e+01
1.250000000070706250e+02
1.500000000710767623e+01
2.000000000710992865e+01
2.200000000710925363e+01
3.000000000710262427e+01
4.800000000710049619e+01
4.900000000709622583e+01
7.200000000709241021e+01
8.000000007113969858e+00
6.600000000709049175e+01
1.500000000710767623e+01
1.600000000710733872e+01
2.000000000710599224e+01
2.400000000710858217e+01
1.300000000710834946e+01
2.000000007112054945e+00
1.800000000710666725e+01
1.800000000710666725e+01
4.800000000710049619e+01
1.900000000710632975e+01
3.700000000710420522e+01
8.000000007110033451e+00
4.300000000709824377e+01
3.000000000710262427e+01
4.000000000710712555e+01
4.800000000709655978e+01
3.200000000710588921e+01
1.700000000710700121e+01
3.200000000710588921e+01
4.900000000710409864e+01
4.400000000711365544e+01
2.000000007112054945e+00
2.000000007112054945e+00
7.900000000709005121e+01
6.500000000709476922e+01
3.400000000710127779e+01
6.000000007110707578e+00
3.400000000710521419e+01
6.400000000709904668e+01
2.300000000710891612e+01
3.900000000709959380e+01
1.800000000710666725e+01
5.800000000710106463e+01
4.400000000710184622e+01
1.310000000070882891e+02
9.000000007109697719e+00
5.200000000709914616e+01
3.200000000710195280e+01
2.700000000710363324e+01
7.112728451148987812e-09
1.000000007112391565e+00
7.112728451148987812e-09
1.500000000711161263e+01
7.112728451148987812e-09
3.700000000710026882e+01
1.800000000710666725e+01
3.000000000710262427e+01
4.400000000709790982e+01
1.100000000710902270e+01
9.000000007109697719e+00
7.500000000710714687e+01
2.900000000710689818e+01
2.700000000710363324e+01
1.000000007112391565e+00
2.900000000710296177e+01
7.112728451148987812e-09
8.000000007110033451e+00
3.100000000710228676e+01
4.100000000709891879e+01
1.000000007112391565e+00
8.000000007110033451e+00
7.700000000709073333e+01
1.100000000070756840e+02
1.800000000710666725e+01
1.400000000710801373e+01
5.200000000709914616e+01
8.400000000708443793e+01
8.000000007110033451e+00
9.500000000708072889e+01
6.400000000709511028e+01
2.500000000710824466e+01
1.100000000710902270e+01
3.000000007111717881e+00
1.000000007112391565e+00
5.500000000710601000e+01
2.000000000710599224e+01
9.100000000708601533e+01
1.060000000070809563e+02
1.600000000710733872e+01
3.800000000709992776e+01
3.600000000710060277e+01
1.130000000070785973e+02
3.200000000710195280e+01
5.200000000709521686e+01
4.700000000710083725e+01
2.300000000710497972e+01
3.000000000710656067e+01
4.400000000710184622e+01
1.100000000710902270e+01
1.000000007112391565e+00
1.900000000711420256e+01
1.570000000070716624e+02
1.400000000710801373e+01
7.112728451148987812e-09
3.200000000710195280e+01
7.900000000709792403e+01
7.112728451148987812e-09
6.400000000709511028e+01
3.000000000710656067e+01
1.000000000710936021e+01
4.500000000709756875e+01
2.600000000710397074e+01
2.000000000710599224e+01
1.900000000710632975e+01
2.600000000710790715e+01
3.600000000710847559e+01
7.112728451148987812e-09
6.800000000709769665e+01
1.200000000710868697e+01
3.800000000710386416e+01
2.600000000710397074e+01
7.000000007110370959e+00
5.300000000709881220e+01
3.000000007111717881e+00
2.100000000710565473e+01
3.900000000709959380e+01
4.200000000709858483e+01
3.600000000710453918e+01
2.400000000710464576e+01
1.900000000710632975e+01
2.000000007112054945e+00
3.500000000710093673e+01
1.400000000710801373e+01
4.400000000710184622e+01
1.800000000710666725e+01
7.112728451148987812e-09
1.200000000710868697e+01
1.900000000710632975e+01
1.100000000710902270e+01
7.112728451148987812e-09
9.100000000708207892e+01
6.500000000709870562e+01
7.112728451148987812e-09
2.000000007112054945e+00
7.000000007110370959e+00
3.500000000710093673e+01
1.000000007112391565e+00
3.400000000710127779e+01
4.000000000709925274e+01
4.000000000709925274e+01
3.200000000710195280e+01
1.700000000710700121e+01
2.000000000710599224e+01
5.900000000709679426e+01
1.300000000710834946e+01
1.000000000710936021e+01
3.200000000710588921e+01
2.400000000710464576e+01
1.900000000710632975e+01
2.400000000710464576e+01
6.900000000708948278e+01
9.500000000708466530e+01
6.700000000710591053e+01
1.800000000711060011e+01
1.100000000710902270e+01
8.400000000708443793e+01
4.100000000710285519e+01
1.300000000710834946e+01
1.000000007112391565e+00
1.800000000710666725e+01
4.000000007111380818e+00
3.300000000710161174e+01
7.112728451148987812e-09
5.100000000709948722e+01
4.000000007111380818e+00
2.300000000710891612e+01
4.000000000709925274e+01
1.300000000710834946e+01
1.100000000710902270e+01
5.000000007111044198e+00
3.500000000710093673e+01
3.000000007111717881e+00
2.700000000710363324e+01
1.400000000710801373e+01
4.000000007111380818e+00
4.000000000709925274e+01
1.600000000710733872e+01
4.800000000710049619e+01
1.200000000710868697e+01
3.000000007111717881e+00
1.300000000710834946e+01
1.000000007112391565e+00
3.000000000710656067e+01
4.500000000709756875e+01
1.200000000711262338e+01
1.100000000710902270e+01
2.700000000710363324e+01
7.000000007110370959e+00
3.300000000710161174e+01
1.000000007112391565e+00
1.230000000070712929e+02
3.000000007111717881e+00
8.000000007110033451e+00
1.100000000710902270e+01
4.300000000709824377e+01
1.000000000710936021e+01
3.000000007111717881e+00
6.000000007110707578e+00
1.700000000710700121e+01
1.800000000711060011e+01
3.200000000710195280e+01
1.600000000710733872e+01
1.400000000710801373e+01
7.600000000708712378e+01
2.000000000710599224e+01
2.900000000710296177e+01
7.600000000708712378e+01
1.400000000710801373e+01
1.600000000710733872e+01
2.600000000710397074e+01
7.000000007110370959e+00
9.000000007113632350e+00
3.000000007111717881e+00
8.000000007110033451e+00
1.500000000710767623e+01
3.000000007111717881e+00
8.000000007110033451e+00
5.100000000709555081e+01
7.112728451148987812e-09
2.700000000710363324e+01
2.000000000710599224e+01
3.300000000710161174e+01
8.000000007110033451e+00
1.400000000710801373e+01
2.000000007112054945e+00
2.300000000710497972e+01
3.400000000710521419e+01
1.600000000710733872e+01
7.112728451148987812e-09
1.500000000710767623e+01
1.700000000710700121e+01
7.112728451148987812e-09
7.112728451148987812e-09
7.112728451148987812e-09
1.300000000710834946e+01
7.112728451148987812e-09
1.600000000710733872e+01
1.000000007112391565e+00
2.600000000710790715e+01
1.400000000710801373e+01
7.112728451148987812e-09
7.112728451148987812e-09
7.000000007110370959e+00
7.112728451148987812e-09
8.000000007110033451e+00
1.400000000710801373e+01
2.100000000710565473e+01
1.500000000710767623e+01
7.000000007110370959e+00
3.100000000710228676e+01
2.500000000710430825e+01
7.112728451148987812e-09
7.112728451148987812e-09
6.000000007110707578e+00
1.200000000710868697e+01
7.000000007110370959e+00
1.300000000710834946e+01
5.000000007111044198e+00
1.300000000710834946e+01
1.700000000710700121e+01
7.112728451148987812e-09
7.112728451148987812e-09
7.112728451148987812e-09
7.112728451148987812e-09
2.300000000710497972e+01
2.300000000710497972e+01
3.000000007111717881e+00
1.600000000710733872e+01
1.700000000710700121e+01
2.700000000710363324e+01
9.000000007109697719e+00
2.000000007112054945e+00
5.000000000709588477e+01
5.000000007111044198e+00
1.000000007112391565e+00
4.000000007111380818e+00
7.000000007110370959e+00
2.000000007112054945e+00
1.400000000710801373e+01
7.112728451148987812e-09
5.000000007111044198e+00
1.000000007112391565e+00
7.112728451148987812e-09
7.112728451148987812e-09
1.300000000710834946e+01
1.000000007112391565e+00
1.000000007112391565e+00
1.000000007112391565e+00
1.000000007112391565e+00
3.000000007111717881e+00
1.000000007112391565e+00
2.000000007112054945e+00
9.000000007109697719e+00
1.000000007112391565e+00
1.000000007112391565e+00
2.300000000712072534e+01
1.000000007112391565e+00
9.000000007109697719e+00
1.600000000710733872e+01
8.000000007110033451e+00
3.000000007111717881e+00
1.300000000710834946e+01
4.000000007111380818e+00
1.000000007112391565e+00
8.000000007110033451e+00
1.000000007112391565e+00
7.000000007110370959e+00
1.000000007112391565e+00
1.300000000710834946e+01
7.000000007110370959e+00
1.000000007112391565e+00
6.000000007110707578e+00
2.300000000710497972e+01
7.112728451148987812e-09
7.112728451148987812e-09
1.000000007112391565e+00
1.000000007112391565e+00
1.000000007112391565e+00
3.600000000710060277e+01
1.400000000710801373e+01
8.000000007110033451e+00
4.000000007111380818e+00
2.200000000710531722e+01
1.900000000710632975e+01
1.200000000710868697e+01
7.112728451148987812e-09
4.000000007111380818e+00
1.000000007112391565e+00
1.100000000710902270e+01
4.000000007111380818e+00
2.000000007112054945e+00
1.900000000710632975e+01
1.000000007112391565e+00
7.112728451148987812e-09
7.112728451148987812e-09
1.100000000710902270e+01
9.000000007109697719e+00
7.112728451148987812e-09
1.700000000710700121e+01
7.112728451148987812e-09
1.000000007112391565e+00
1.000000007112391565e+00
4.500000000709756875e+01
7.000000007110370959e+00
7.112728451148987812e-09
7.112728451148987812e-09
2.000000007112054945e+00
1.800000000710666725e+01
1.000000007112391565e+00
2.000000007112054945e+00
7.112728451148987812e-09
4.000000007111380818e+00
2.500000000710430825e+01
4.000000007111380818e+00
2.000000007112054945e+00
2.600000000710397074e+01
1.300000000710834946e+01
1.600000000710733872e+01
7.112728451148987812e-09
7.112728451148987812e-09
1.000000007112391565e+00
1.000000007112391565e+00
2.000000007112054945e+00
4.000000007111380818e+00
2.400000000710464576e+01
1.200000000710868697e+01
7.112728451148987812e-09
1.200000000710868697e+01
1.000000007112391565e+00
7.112728451148987812e-09
2.000000007112054945e+00
8.000000007110033451e+00
2.000000007112054945e+00
2.000000007112054945e+00
4.000000007111380818e+00
7.112728451148987812e-09
1.200000000710868697e+01
2.300000000710497972e+01
2.000000007112054945e+00
7.112728451148987812e-09
9.000000007109697719e+00
7.112728451148987812e-09
3.000000007111717881e+00
1.600000000710733872e+01
3.000000007111717881e+00
4.000000007111380818e+00
7.112728451148987812e-09
1.300000000710834946e+01
1.000000007112391565e+00
1.000000007112391565e+00
1.200000000710868697e+01
2.000000007112054945e+00
1.000000007112391565e+00
2.000000007112054945e+00
2.000000007112054945e+00
2.600000000710397074e+01
7.112728451148987812e-09
1.000000007112391565e+00
3.000000007111717881e+00
3.000000007111717881e+00
4.000000007111380818e+00
1.000000007112391565e+00
5.000000007111044198e+00
1.000000007112391565e+00
3.500000000710093673e+01
2.600000000710397074e+01
7.112728451148987812e-09
1.000000007112391565e+00
3.000000007111717881e+00
7.112728451148987812e-09
1.100000000710902270e+01
1.900000000710632975e+01
1.000000007112391565e+00
2.400000000710464576e+01
1.000000007112391565e+00
2.000000007112054945e+00
1.000000007112391565e+00
3.000000007111717881e+00
7.112728451148987812e-09
7.112728451148987812e-09
2.000000007112054945e+00
7.112728451148987812e-09
1.000000000710936021e+01
4.000000007111380818e+00
7.112728451148987812e-09
1.000000000710936021e+01
7.112728451148987812e-09
7.112728451148987812e-09
7.112728451148987812e-09
1.000000007112391565e+00
2.000000007112054945e+00
7.112728451148987812e-09
7.112728451148987812e-09
1.900000000710632975e+01
1.600000000710733872e+01
2.000000007112054945e+00
1.000000007112391565e+00
7.112728451148987812e-09
7.112728451148987812e-09
7.112728451148987812e-09
8.000000007110033451e+00
1.000000007112391565e+00
7.112728451148987812e-09
7.000000007110370959e+00
7.112728451148987812e-09
2.000000007112054945e+00
3.000000007111717881e+00
1.000000007112391565e+00
2.000000007112054945e+00
7.112728451148987812e-09
3.000000007111717881e+00
7.112728451148987812e-09
7.112728451148987812e-09
7.112728451148987812e-09
5.000000007111044198e+00
1.000000007112391565e+00
3.000000007111717881e+00
4.000000007111380818e+00
7.112728451148987812e-09
6.000000007110707578e+00
1.500000000710767623e+01
7.112728451148987812e-09
7.112728451148987812e-09
6.000000007110707578e+00
7.112728451148987812e-09
1.000000007112391565e+00
4.300000000709824377e+01
1.600000000710733872e+01
5.000000007111044198e+00
5.500000000709420078e+01
2.400000000710464576e+01
4.000000007111380818e+00
1.800000000710666725e+01
1.000000000710936021e+01
3.000000007111717881e+00
9.000000007109697719e+00
7.112728451148987812e-09
1.200000000070723161e+02
2.000000007112054945e+00
1.700000000710700121e+01
2.000000000710599224e+01
1.000000007112391565e+00
2.000000007112054945e+00
2.000000000710599224e+01
7.112728451148987812e-09
2.200000000710531722e+01
3.000000007111717881e+00
7.112728451148987812e-09
7.112728451148987812e-09
2.300000000710497972e+01
8.000000007110033451e+00
7.112728451148987812e-09
1.000000007112391565e+00
2.000000007112054945e+00
2.000000007112054945e+00
1.000000007112391565e+00
1.000000007112391565e+00
1.100000000710902270e+01
8.000000007110033451e+00
7.112728451148987812e-09
1.000000007112391565e+00
1.000000007112391565e+00
2.800000000710329573e+01
2.000000007112054945e+00
1.800000000710666725e+01
7.112728451148987812e-09
1.000000007112391565e+00
7.112728451148987812e-09
1.500000000710767623e+01
2.000000007112054945e+00
7.112728451148987812e-09
7.112728451148987812e-09
3.000000007111717881e+00
5.600000000709386683e+01
7.112728451148987812e-09
1.000000007112391565e+00
6.600000000709049175e+01
2.300000000710497972e+01
7.112728451148987812e-09
7.112728451148987812e-09
1.000000007112391565e+00
7.112728451148987812e-09
1.000000000710936021e+01
1.000000007112391565e+00
7.112728451148987812e-09
7.112728451148987812e-09
4.000000007111380818e+00
7.112728451148987812e-09
7.112728451148987812e-09
9.000000007109697719e+00
7.112728451148987812e-09
7.112728451148987812e-09
1.000000007112391565e+00
7.112728451148987812e-09
3.000000007111717881e+00
3.000000007111717881e+00
1.000000007112391565e+00
2.100000000710565473e+01
7.112728451148987812e-09
7.112728451148987812e-09
1.100000000710902270e+01
1.000000007112391565e+00
4.000000007111380818e+00
1.000000000710936021e+01
4.000000007111380818e+00
7.112728451148987812e-09
3.000000007111717881e+00
1.000000007112391565e+00
2.000000007112054945e+00
1.700000000710700121e+01
7.112728451148987812e-09
7.112728451148987812e-09
3.000000007111717881e+00
2.800000000710329573e+01
7.112728451148987812e-09
3.000000007111717881e+00
7.112728451148987812e-09
1.400000000710801373e+01
1.000000007112391565e+00
1.000000007112391565e+00
1.000000007112391565e+00
7.112728451148987812e-09
9.000000007109697719e+00
3.000000007111717881e+00
1.000000000710936021e+01
2.300000000710497972e+01
5.000000007111044198e+00
7.112728451148987812e-09
7.112728451148987812e-09
4.000000007111380818e+00
1.400000000710801373e+01
1.700000000710700121e+01
7.112728451148987812e-09
7.112728451148987812e-09
2.600000000710397074e+01
2.300000000710497972e+01
5.000000007111044198e+00
1.000000007112391565e+00
9.000000007109697719e+00
1.900000000710632975e+01
2.000000007112054945e+00
6.000000007110707578e+00
1.500000000710767623e+01
1.200000000710868697e+01
1.200000000710868697e+01
7.112728451148987812e-09
1.200000000710868697e+01
1.300000000710834946e+01
1.400000000710801373e+01
8.800000000708308789e+01
1.600000000710733872e+01
7.112728451148987812e-09
2.000000007112054945e+00
2.400000000710464576e+01
5.000000007111044198e+00
1.000000007112391565e+00
3.000000007111717881e+00
7.112728451148987812e-09
1.000000007112391565e+00
1.000000007112391565e+00
1.000000007112391565e+00
1.000000007112391565e+00
2.000000007112054945e+00
7.112728451148987812e-09
6.000000007110707578e+00
7.112728451148987812e-09
2.200000000710531722e+01
9.000000007109697719e+00
8.000000007110033451e+00
7.000000007110370959e+00
1.300000000710834946e+01
3.000000007111717881e+00
3.000000007111717881e+00
7.000000007110370959e+00
9.000000007109697719e+00
3.000000007111717881e+00
7.112728451148987812e-09
7.112728451148987812e-09
7.112728451148987812e-09
1.000000007112391565e+00
4.000000000709925274e+01
7.112728451148987812e-09
7.112728451148987812e-09
7.112728451148987812e-09
7.112728451148987812e-09
1.000000007112391565e+00
2.000000007112054945e+00
5.000000007111044198e+00
9.400000000708106995e+01
7.112728451148987812e-09
7.112728451148987812e-09
6.000000007110707578e+00
7.112728451148987812e-09
2.500000000710430825e+01
1.000000007112391565e+00
3.000000007111717881e+00
6.000000007110707578e+00
1.000000000710936021e+01
2.500000000710430825e+01
1.000000007112391565e+00
7.112728451148987812e-09
7.112728451148987812e-09
7.112728451148987812e-09
7.112728451148987812e-09
7.112728451148987812e-09
7.112728451148987812e-09
2.000000007112054945e+00
2.000000007112054945e+00
3.000000007111717881e+00
2.000000007112054945e+00
7.112728451148987812e-09
7.112728451148987812e-09
1.000000007112391565e+00
1.000000007112391565e+00
7.112728451148987812e-09
7.112728451148987812e-09
1.000000007112391565e+00
6.000000007110707578e+00
9.000000007109697719e+00
7.112728451148987812e-09
1.000000007112391565e+00
7.112728451148987812e-09
